1.000000000000000000e+00,3.898661584135678509e-02,1.019504950577125174e-01,3.210662193278354670e-02,2.091903154954283250e-01,-4.112116773132544825e-03,2.285649452628618628e-01,1.346471144226843997e-01,1.115730387451402961e-01,4.403715806528018389e-02,1.222784077108236278e-01,1.313979244383849665e-01,1.752814270772431182e-01,9.803163381265796866e-03,2.041125811484658520e-02,1.750576770002791605e-01,4.205514107896622666e-02,3.002816242892750523e-02,-4.733114918095188833e-02,7.883719687161994116e-02,-8.316205309360894665e-03,1.118966138207369843e-01,2.999393372720467188e-02,5.247129442830260337e-02,6.377534910292706472e-02,1.050691474438391337e-01,1.042151838743955033e-01,1.244937997000252206e-01,9.602335132255768180e-02,2.939937780865602979e-01,1.140274416256000789e-01,1.113111504121561818e-02
3.898661584135678509e-02,1.000000000000000222e+00,1.484707027579795502e-01,1.588368022782779554e-01,9.458163361472735065e-02,2.939356140498932124e-01,1.196254549814615847e-01,1.706575138374713529e-01,8.796731915815740599e-02,1.193308857400550010e-01,1.155080138501861226e-01,3.584436291395093344e-02,6.174853818184672383e-02,2.683453184115295875e-01,2.249606950903924318e-01,4.066419928686787477e-02,-3.929507375701687955e-02,1.458629945854802296e-02,1.849772103695981051e-01,1.207351930266273021e-01,1.754819778493956206e-01,2.757160589176081977e-01,1.747703950499886194e-01,1.004135072975545773e-01,1.456953904310707981e-02,1.373293933375957510e-01,1.800552444940560770e-01,8.447519826380549268e-02,1.353350039072130917e-01,1.528144959628815469e-01,7.380280681162580680e-02,2.344158830057039011e-01
1.019504950577125174e-01,1.484707027579795502e-01,9.999999999999998890e-01,1.031435132216081269e-01,1.602709172374242597e-01,1.443199418349908614e-01,2.591012330890921644e-01,1.115143681206973436e-01,1.083350521320809723e-01,1.582730600927974851e-01,1.905484604811017446e-01,1.376138061952322800e-01,2.377165528253234461e-01,5.442099988172349745e-02,2.691062994092051630e-01,1.638271804683801847e-01,1.214837228628065785e-01,1.200339232327016920e-03,1.301559953042568107e-01,2.909055497027663861e-01,1.488568128680140545e-01,2.333263592707832679e-01,1.351600850464832471e-01,1.184579874180296255e-01,2.836900840354387998e-02,2.076732706784442661e-01,2.830993764437258475e-01,2.209451280115036220e-01,4.114624738685893623e-01,1.557841821022690199e-01,1.233973680112601112e-01,1.392400628188683043e-01
3.210662193278354670e-02,1.588368022782779554e-01,1.031435132216081269e-01,1.000000000000000444e+00,6.936673069429741267e-02,2.720717294286138510e-01,1.598745401342930861e-01,2.374043980636328932e-01,-2.511233887592802944e-02,2.432510024467545440e-01,1.488010936502609516e-01,1.652929091649821824e-01,1.908025432728716053e-01,1.391794925757732782e-01,2.252122958130721164e-01,2.089360385080036298e-01,2.740178653974939538e-01,3.395320762642377033e-01,5.103632929504000604e-01,1.671148112304640110e-01,3.217580470030348971e-01,2.006561098356806905e-01,3.554277211484434540e-01,2.739851988336211575e-01,-3.945423887516208428e-02,1.960499855889323295e-01,1.153689214480791009e-01,1.255888853504823766e-01,1.598554266579318150e-01,1.621724147834837093e-01,8.934717205106997018e-02,1.946626213811060990e-01
2.091903154954283250e-01,9.458163361472735065e-02,1.602709172374242597e-01,6.936673069429741267e-02,1.000000000000000444e+00,2.148200380694732237e-01,1.762145433373734638e-01,2.937759908458092428e-01,1.110300822244204288e-01,3.651574535473316452e-01,4.077426840525243956e-01,1.698784377407584201e-01,7.020136110131239282e-02,1.135177278084181091e-01,2.886743196961914504e-01,1.015986911096948275e-01,-3.780792289554781721e-02,1.824770765046990206e-02,1.022767367034598529e-01,2.075454089397700541e-01,3.695131350958424932e-02,1.379157460701884441e-01,9.566544921438968618e-02,8.109045215593024825e-02,6.404529616815006487e-02,6.847691984708101920e-01,3.972575778301005167e-01,2.770661612637622118e-01,2.802333330088073171e-01,3.622610584501261277e-01,4.072604916190389890e-01,1.681472586381620171e-01
-4.112116773132544825e-03,2.939356140498932124e-01,1.443199418349908614e-01,2.720717294286138510e-01,2.148200380694732237e-01,1.000000000000000222e+00,1.958628813810400771e-01,1.297595392719524399e-01,8.799361923823695308e-02,1.774273287014116185e-01,1.041154533131094795e-01,1.975303335723943010e-01,1.449186680154966322e-01,2.328395113120702575e-01,5.531434504488597081e-01,1.801424687416276482e-01,2.279704743374556530e-01,2.397555011341730435e-01,3.088614418671210560e-01,2.298337655919774347e-01,2.991600255730301194e-01,2.289185059203480976e-01,3.451032520748624766e-01,3.608976927160947867e-01,1.319252229809531329e-01,2.423650902361222659e-01,2.378942733989273528e-01,1.545833620317546564e-01,2.526245929612893071e-01,2.199810268250737555e-01,1.584712678872030045e-01,3.451209135912693959e-01
2.285649452628618628e-01,1.196254549814615847e-01,2.591012330890921644e-01,1.598745401342930861e-01,1.762145433373734638e-01,1.958628813810400771e-01,1.000000000000000666e+00,1.202237450242022720e-01,2.155055507580314611e-01,7.935677081268004140e-02,1.099955384825552496e-01,1.601125178171168839e-01,2.173493552541952978e-01,1.134352846805535275e-01,1.660345540762929173e-01,2.850497180844891454e-01,1.000011622366012154e-01,1.088446214263092127e-01,1.340560606149468481e-01,2.087063450547553267e-01,1.705975468005550000e-01,2.591432205183834547e-01,2.690397124864811196e-01,2.042664690140319483e-01,1.674652044950928065e-01,1.668177778145623624e-01,1.626418988293137358e-01,2.172959573629087426e-01,1.994558046881874103e-01,2.914662980221054411e-01,1.052842932520103442e-01,1.388264561443428025e-01
1.346471144226843997e-01,1.706575138374713529e-01,1.115143681206973436e-01,2.374043980636328932e-01,2.937759908458092428e-01,1.297595392719524399e-01,1.202237450242022720e-01,1.000000000000000444e+00,5.209547364059489982e-02,4.198039908346988813e-01,3.443200901916874113e-01,2.679223380844568125e-01,1.557870168804861288e-01,1.275712108144426149e-01,1.716644285525930624e-01,8.309868989946221640e-02,-1.741244738910965179e-02,6.511684421515905735e-03,2.137276029934836452e-01,2.216618952060074033e-01,1.510719996060921333e-01,1.537068091037915862e-01,2.536208464365190540e-01,1.341599914154414375e-01,3.054129598776651050e-02,3.600340851944659470e-01,1.174464465601275931e-01,5.623557143411812842e-02,1.439431147097042785e-01,3.365133912299727026e-01,5.050282712434972510e-01,8.329636939885076696e-02
1.115730387451402961e-01,8.796731915815740599e-02,1.083350521320809723e-01,-2.511233887592802944e-02,1.110300822244204288e-01,8.799361923823695308e-02,2.155055507580314611e-01,5.209547364059489982e-02,1.000000000000000222e+00,-5.933252220737806476e-03,2.385146781937929131e-02,5.462894927540035139e-02,1.167347019242863937e-01,5.699064752445384685e-02,-1.384010204150555590e-03,8.187296821882071585e-02,9.546629055598960384e-03,2.579266498857977347e-02,8.498982770073429047e-03,4.312019941326358102e-02,7.123372752063217295e-02,1.447137934097104117e-01,8.829929766521277257e-02,6.406027456193179315e-02,-1.546117012691742773e-02,5.537229157937359481e-02,1.399826580020606115e-01,1.341207642470985950e-02,1.354603260308196444e-01,1.036176235827535597e-01,9.259895823801772563e-02,1.484360206941572335e-01
4.403715806528018389e-02,1.193308857400550010e-01,1.582730600927974851e-01,2.432510024467545440e-01,3.651574535473316452e-01,1.774273287014116185e-01,7.935677081268004140e-02,4.198039908346988813e-01,-5.933252220737806476e-03,1.000000000000000000e+00,2.987114003762628700e-01,1.893070088339197377e-01,1.555920058171498810e-01,1.588154075213736305e-01,2.109945405408689134e-01,7.487766950896369844e-02,3.611897656513715638e-02,1.568382009147790690e-01,3.909388412174881200e-01,2.245004619664354162e-01,1.768483281798580720e-01,1.266818351708360602e-01,1.886122192995485780e-01,2.265683616708286108e-01,9.900612221153123199e-03,3.914783881582426517e-01,2.285208227962242100e-01,1.512884158953329283e-01,1.200678433527522793e-01,1.745057727281277837e-01,3.500729806480804007e-01,1.702430929842268792e-01
1.222784077108236278e-01,1.155080138501861226e-01,1.905484604811017446e-01,1.488010936502609516e-01,4.077426840525243956e-01,1.041154533131094795e-01,1.099955384825552496e-01,3.443200901916874113e-01,2.385146781937929131e-02,2.987114003762628700e-01,1.000000000000000444e+00,2.922545118428561128e-01,1.742070580824881254e-01,3.825215305812016547e-02,1.691369439578215006e-01,5.627731105497187081e-02,-8.775447763912275212e-02,-3.745920564776528128e-02,1.674923134550294623e-01,2.070199683237927968e-01,6.394597807356439123e-02,1.348947490529637527e-01,1.422834590554426515e-01,1.264465921053749553e-01,-2.875645098719757653e-02,3.484168600358983348e-01,2.308348799081750558e-01,1.959305305529077668e-01,1.966056775615685481e-01,2.622506850968518433e-01,4.381020996724973582e-01,8.526337442523854171e-02
1.313979244383849665e-01,3.584436291395093344e-02,1.376138061952322800e-01,1.652929091649821824e-01,1.698784377407584201e-01,1.975303335723943010e-01,1.601125178171168839e-01,2.679223380844568125e-01,5.462894927540035139e-02,1.893070088339197377e-01,2.922545118428561128e-01,1.000000000000000000e+00,2.176975573496510719e-01,1.300709760781927904e-01,2.566541628106555617e-01,1.799243558632782625e-01,-2.888915725500624393e-02,3.047853598294623240e-02,1.753907763948378828e-01,2.466817142274609354e-01,1.917433243094089079e-01,1.982812813730359114e-01,1.653163253827464318e-01,2.132288481522371937e-01,-3.183812785911858956e-02,2.335507148328025973e-01,1.603215693562382305e-01,1.078307659948090219e-01,2.143815684265436006e-01,2.300188091895840614e-01,1.999355524120263183e-01,1.387178148895137353e-01
1.752814270772431182e-01,6.174853818184672383e-02,2.377165528253234461e-01,1.908025432728716053e-01,7.020136110131239282e-02,1.449186680154966322e-01,2.173493552541952978e-01,1.557870168804861288e-01,1.167347019242863937e-01,1.555920058171498810e-01,1.742070580824881254e-01,2.176975573496510719e-01,1.000000000000000444e+00,1.063557448513394177e-02,2.650605736964153358e-01,1.158686190459624898e-01,1.464994084524494089e-01,9.971498831190413192e-02,2.258602982210749510e-01,2.043717323165557542e-01,2.423843522195915923e-01,1.723587249328359106e-01,3.054970981310045630e-01,2.526307616884696516e-01,-1.120344552682114581e-01,8.181596241082569887e-02,1.269748562606554387e-01,4.923181135273292652e-02,1.754372703241441900e-01,1.757497672197121386e-01,4.689442135076475615e-02,9.372766246534404433e-02
9.803163381265796866e-03,2.683453184115295875e-01,5.442099988172349745e-02,1.391794925757732782e-01,1.135177278084181091e-01,2.328395113120702575e-01,1.134352846805535275e-01,1.275712108144426149e-01,5.699064752445384685e-02,1.588154075213736305e-01,3.825215305812016547e-02,1.300709760781927904e-01,1.063557448513394177e-02,1.000000000000000444e+00,1.568818477866587291e-01,7.576413512657181881e-02,-1.954750496458228237e-02,9.360169957607192281e-02,2.156161859380682499e-01,1.127587152945381116e-01,8.352087771448832298e-02,1.101559438331169427e-01,1.714204937816719287e-01,6.557908623311900498e-02,4.435831671356710304e-02,1.283321371768742503e-01,1.380678325538359785e-01,5.730987530425593612e-02,1.257802427649133969e-01,9.823508555864166047e-02,1.324074444493577585e-01,8.071907617401002932e-02
2.041125811484658520e-02,2.249606950903924318e-01,2.691062994092051630e-01,2.252122958130721164e-01,2.886743196961914504e-01,5.531434504488597081e-01,1.660345540762929173e-01,1.716644285525930624e-01,-1.384010204150555590e-03,2.109945405408689134e-01,1.691369439578215006e-01,2.566541628106555617e-01,2.650605736964153358e-01,1.568818477866587291e-01,1.000000000000000222e+00,1.573979560607036421e-01,1.344042134863376314e-01,1.357713130423765235e-01,3.436210401272426496e-01,2.856364424121309864e-01,3.441601540193195419e-01,1.766175962945798483e-01,2.389618592267604424e-01,3.020428649960347212e-01,6.888382010719114323e-02,3.748340263564707842e-01,2.809866672756850536e-01,1.254399623687342258e-01,3.259251015801513107e-01,2.877430789800627942e-01,1.782576517670351468e-01,3.246034402449586853e-01
1.750576770002791605e-01,4.066419928686787477e-02,1.638271804683801847e-01,2.089360385080036298e-01,1.015986911096948275e-01,1.801424687416276482e-01,2.850497180844891454e-01,8.309868989946221640e-02,8.187296821882071585e-02,7.487766950896369844e-02,5.627731105497187081e-02,1.799243558632782625e-01,1.158686190459624898e-01,7.576413512657181881e-02,1.573979560607036421e-01,1.000000000000000444e+00,1.804845014437971851e-01,1.301368098026554621e-01,1.682869741924040430e-01,1.761936567820621691e-01,1.415622079348536899e-01,2.690348326140678537e-01,2.579215310253868410e-01,1.547376008054630048e-01,2.244511515146804248e-01,1.104016217729563709e-01,6.812454343134634327e-02,1.827135755057378297e-01,1.891081095185764560e-01,1.885398049844980162e-01,8.059061229078622046e-02,2.373433752903826022e-01
4.205514107896622666e-02,-3.929507375701687955e-02,1.214837228628065785e-01,2.740178653974939538e-01,-3.780792289554781721e-02,2.279704743374556530e-01,1.000011622366012154e-01,-1.741244738910965179e-02,9.546629055598960384e-03,3.611897656513715638e-02,-8.775447763912275212e-02,-2.888915725500624393e-02,1.464994084524494089e-01,-1.954750496458228237e-02,1.344042134863376314e-01,1.804845014437971851e-01,9.999999999999997780e-01,3.444725003048071388e-01,2.027135487299835115e-01,4.304508748786579908e-02,1.310613134553611503e-01,-4.898265352155078273e-04,3.218181247753711949e-01,2.782589774509627301e-01,5.711780375290807787e-02,-3.497305020412044829e-02,-1.280336063291726695e-02,8.571424629776112913e-02,1.098630000760719982e-01,4.771941355884397329e-02,2.001635681707532657e-02,1.419194923095994376e-01
3.002816242892750523e-02,1.458629945854802296e-02,1.200339232327016920e-03,3.395320762642377033e-01,1.824770765046990206e-02,2.397555011341730435e-01,1.088446214263092127e-01,6.511684421515905735e-03,2.579266498857977347e-02,1.568382009147790690e-01,-3.745920564776528128e-02,3.047853598294623240e-02,9.971498831190413192e-02,9.360169957607192281e-02,1.357713130423765235e-01,1.301368098026554621e-01,3.444725003048071388e-01,1.000000000000000444e+00,3.329324809304182176e-01,3.424147913898718115e-02,2.698650864094483959e-01,7.602901813648850482e-02,4.012083982583620756e-01,3.075707112716421499e-01,2.487595476647243981e-02,1.194229898071567930e-02,-1.067394167861714649e-01,-5.661210810239191565e-03,2.272569324235761828e-02,6.649694141545991338e-03,2.118910746111416291e-02,2.807744533653442343e-01
-4.733114918095188833e-02,1.849772103695981051e-01,1.301559953042568107e-01,5.103632929504000604e-01,1.022767367034598529e-01,3.088614418671210560e-01,1.340560606149468481e-01,2.137276029934836452e-01,8.498982770073429047e-03,3.909388412174881200e-01,1.674923134550294623e-01,1.753907763948378828e-01,2.258602982210749510e-01,2.156161859380682499e-01,3.436210401272426496e-01,1.682869741924040430e-01,2.027135487299835115e-01,3.329324809304182176e-01,1.000000000000000444e+00,2.309998725310958845e-01,2.748052817759130684e-01,1.550717953111429293e-01,3.284882544456331210e-01,2.970214861794552852e-01,-2.630624358863041523e-03,1.803872092029292218e-01,1.189078806646666209e-01,1.221495290720448629e-01,1.317328979307505199e-01,7.117672496788518544e-02,1.219661688685032830e-01,2.095742999141949614e-01
7.883719687161994116e-02,1.207351930266273021e-01,2.909055497027663861e-01,1.671148112304640110e-01,2.075454089397700541e-01,2.298337655919774347e-01,2.087063450547553267e-01,2.216618952060074033e-01,4.312019941326358102e-02,2.245004619664354162e-01,2.070199683237927968e-01,2.466817142274609354e-01,2.043717323165557542e-01,1.127587152945381116e-01,2.856364424121309864e-01,1.761936567820621691e-01,4.304508748786579908e-02,3.424147913898718115e-02,2.309998725310958845e-01,1.000000000000000888e+00,1.484765648530966264e-01,3.136315594730594292e-01,1.394686331716684380e-01,1.710718086495191248e-01,1.917942365769438884e-01,3.045603034700383738e-01,4.396209748885097079e-01,2.261584102614435376e-01,4.383330552515940504e-01,2.911869986019344214e-01,1.761281744897362778e-01,1.517000558007554623e-01
-8.316205309360894665e-03,1.754819778493956206e-01,1.488568128680140545e-01,3.217580470030348971e-01,3.695131350958424932e-02,2.991600255730301194e-01,1.705975468005550000e-01,1.510719996060921333e-01,7.123372752063217295e-02,1.768483281798580720e-01,6.394597807356439123e-02,1.917433243094089079e-01,2.423843522195915923e-01,8.352087771448832298e-02,3.441601540193195419e-01,1.415622079348536899e-01,1.310613134553611503e-01,2.698650864094483959e-01,2.748052817759130684e-01,1.484765648530966264e-01,1.000000000000000222e+00,6.583262535759473177e-01,2.893462354311906459e-01,3.220046884418117927e-01,-4.789039359599653323e-02,1.101861053702125476e-01,7.221925777528320767e-02,3.629312222733868665e-02,1.964120400677025202e-01,1.435756326736313815e-01,1.226792110472083863e-01,1.696625671049729611e-01
1.118966138207369843e-01,2.757160589176081977e-01,2.333263592707832679e-01,2.006561098356806905e-01,1.379157460701884441e-01,2.289185059203480976e-01,2.591432205183834547e-01,1.537068091037915862e-01,1.447137934097104117e-01,1.266818351708360602e-01,1.348947490529637527e-01,1.982812813730359114e-01,1.723587249328359106e-01,1.101559438331169427e-01,1.766175962945798483e-01,2.690348326140678537e-01,-4.898265352155078273e-04,7.602901813648850482e-02,1.550717953111429293e-01,3.136315594730594292e-01,6.583262535759473177e-01,1.000000000000000444e+00,2.247615295147980530e-01,1.931472739619931878e-01,6.841592473596205815e-02,1.697833203163174876e-01,2.341801696430233504e-01,1.792000590616285860e-01,3.859291076911685603e-01,1.907898601000715677e-01,1.771542593924080866e-01,2.095871721313478375e-01
2.999393372720467188e-02,1.747703950499886194e-01,1.351600850464832471e-01,3.554277211484434540e-01,9.566544921438968618e-02,3.451032520748624766e-01,2.690397124864811196e-01,2.536208464365190540e-01,8.829929766521277257e-02,1.886122192995485780e-01,1.422834590554426515e-01,1.653163253827464318e-01,3.054970981310045630e-01,1.714204937816719287e-01,2.389618592267604424e-01,2.579215310253868410e-01,3.218181247753711949e-01,4.012083982583620756e-01,3.284882544456331210e-01,1.394686331716684380e-01,2.893462354311906459e-01,2.247615295147980530e-01,1.000000000000000666e+00,3.350373938282646957e-01,3.135759910539884232e-02,1.093763055114901905e-01,5.403479634120179897e-02,1.088861613631108421e-01,1.901194584732969761e-01,1.998796269297146155e-01,2.017570964082872620e-01,2.697892455548456248e-01
5.247129442830260337e-02,1.004135072975545773e-01,1.184579874180296255e-01,2.739851988336211575e-01,8.109045215593024825e-02,3.608976927160947867e-01,2.042664690140319483e-01,1.341599914154414375e-01,6.406027456193179315e-02,2.265683616708286108e-01,1.264465921053749553e-01,2.132288481522371937e-01,2.526307616884696516e-01,6.557908623311900498e-02,3.020428649960347212e-01,1.547376008054630048e-01,2.782589774509627301e-01,3.075707112716421499e-01,2.970214861794552852e-01,1.710718086495191248e-01,3.220046884418117927e-01,1.931472739619931878e-01,3.350373938282646957e-01,1.000000000000000222e+00,6.063007081446347007e-02,1.207191164320522148e-01,1.341456448725031891e-01,1.391268188275935902e-01,2.362457030415637538e-01,2.820923956320053883e-01,1.714366431889785547e-01,2.743283399528457789e-01
6.377534910292706472e-02,1.456953904310707981e-02,2.836900840354387998e-02,-3.945423887516208428e-02,6.404529616815006487e-02,1.319252229809531329e-01,1.674652044950928065e-01,3.054129598776651050e-02,-1.546117012691742773e-02,9.900612221153123199e-03,-2.875645098719757653e-02,-3.183812785911858956e-02,-1.120344552682114581e-01,4.435831671356710304e-02,6.888382010719114323e-02,2.244511515146804248e-01,5.711780375290807787e-02,2.487595476647243981e-02,-2.630624358863041523e-03,1.917942365769438884e-01,-4.789039359599653323e-02,6.841592473596205815e-02,3.135759910539884232e-02,6.063007081446347007e-02,1.000000000000000666e+00,4.650827282581843081e-03,2.169617484597775176e-02,1.420953536267964834e-01,1.531589055301782742e-01,1.160146601735657368e-01,8.669929567517117852e-02,1.951103839295703635e-02
1.050691474438391337e-01,1.373293933375957510e-01,2.076732706784442661e-01,1.960499855889323295e-01,6.847691984708101920e-01,2.423650902361222659e-01,1.668177778145623624e-01,3.600340851944659470e-01,5.537229157937359481e-02,3.914783881582426517e-01,3.484168600358983348e-01,2.335507148328025973e-01,8.181596241082569887e-02,1.283321371768742503e-01,3.748340263564707842e-01,1.104016217729563709e-01,-3.497305020412044829e-02,1.194229898071567930e-02,1.803872092029292218e-01,3.045603034700383738e-01,1.101861053702125476e-01,1.697833203163174876e-01,1.093763055114901905e-01,1.207191164320522148e-01,4.650827282581843081e-03,1.000000000000000444e+00,4.630144853748897615e-01,3.356215362577897876e-01,3.298521433021908700e-01,3.433290942190591055e-01,3.627024244524094665e-01,1.333270518597434451e-01
1.042151838743955033e-01,1.800552444940560770e-01,2.830993764437258475e-01,1.153689214480791009e-01,3.972575778301005167e-01,2.378942733989273528e-01,1.626418988293137358e-01,1.174464465601275931e-01,1.399826580020606115e-01,2.285208227962242100e-01,2.308348799081750558e-01,1.603215693562382305e-01,1.269748562606554387e-01,1.380678325538359785e-01,2.809866672756850536e-01,6.812454343134634327e-02,-1.280336063291726695e-02,-1.067394167861714649e-01,1.189078806646666209e-01,4.396209748885097079e-01,7.221925777528320767e-02,2.341801696430233504e-01,5.403479634120179897e-02,1.341456448725031891e-01,2.169617484597775176e-02,4.630144853748897615e-01,1.000000000000000666e+00,3.152431591391058885e-01,4.808245963138213508e-01,2.851042724508732196e-01,1.910417851671378231e-01,1.205533946531791717e-01
1.244937997000252206e-01,8.447519826380549268e-02,2.209451280115036220e-01,1.255888853504823766e-01,2.770661612637622118e-01,1.545833620317546564e-01,2.172959573629087426e-01,5.623557143411812842e-02,1.341207642470985950e-02,1.512884158953329283e-01,1.959305305529077668e-01,1.078307659948090219e-01,4.923181135273292652e-02,5.730987530425593612e-02,1.254399623687342258e-01,1.827135755057378297e-01,8.571424629776112913e-02,-5.661210810239191565e-03,1.221495290720448629e-01,2.261584102614435376e-01,3.629312222733868665e-02,1.792000590616285860e-01,1.088861613631108421e-01,1.391268188275935902e-01,1.420953536267964834e-01,3.356215362577897876e-01,3.152431591391058885e-01,1.000000000000000444e+00,3.610338696869292985e-01,2.003182899384381987e-01,1.948277471043668163e-01,1.447562577318576293e-01
9.602335132255768180e-02,1.353350039072130917e-01,4.114624738685893623e-01,1.598554266579318150e-01,2.802333330088073171e-01,2.526245929612893071e-01,1.994558046881874103e-01,1.439431147097042785e-01,1.354603260308196444e-01,1.200678433527522793e-01,1.966056775615685481e-01,2.143815684265436006e-01,1.754372703241441900e-01,1.257802427649133969e-01,3.259251015801513107e-01,1.891081095185764560e-01,1.098630000760719982e-01,2.272569324235761828e-02,1.317328979307505199e-01,4.383330552515940504e-01,1.964120400677025202e-01,3.859291076911685603e-01,1.901194584732969761e-01,2.362457030415637538e-01,1.531589055301782742e-01,3.298521433021908700e-01,4.808245963138213508e-01,3.610338696869292985e-01,1.000000000000000444e+00,2.303784463752461820e-01,2.172067075837212091e-01,2.331832798199969803e-01
2.939937780865602979e-01,1.528144959628815469e-01,1.557841821022690199e-01,1.621724147834837093e-01,3.622610584501261277e-01,2.199810268250737555e-01,2.914662980221054411e-01,3.365133912299727026e-01,1.036176235827535597e-01,1.745057727281277837e-01,2.622506850968518433e-01,2.300188091895840614e-01,1.757497672197121386e-01,9.823508555864166047e-02,2.877430789800627942e-01,1.885398049844980162e-01,4.771941355884397329e-02,6.649694141545991338e-03,7.117672496788518544e-02,2.911869986019344214e-01,1.435756326736313815e-01,1.907898601000715677e-01,1.998796269297146155e-01,2.820923956320053883e-01,1.160146601735657368e-01,3.433290942190591055e-01,2.851042724508732196e-01,2.003182899384381987e-01,2.303784463752461820e-01,1.000000000000000444e+00,2.468570483450459041e-01,1.149338620447963311e-01
1.140274416256000789e-01,7.380280681162580680e-02,1.233973680112601112e-01,8.934717205106997018e-02,4.072604916190389890e-01,1.584712678872030045e-01,1.052842932520103442e-01,5.050282712434972510e-01,9.259895823801772563e-02,3.500729806480804007e-01,4.381020996724973582e-01,1.999355524120263183e-01,4.689442135076475615e-02,1.324074444493577585e-01,1.782576517670351468e-01,8.059061229078622046e-02,2.001635681707532657e-02,2.118910746111416291e-02,1.219661688685032830e-01,1.761281744897362778e-01,1.226792110472083863e-01,1.771542593924080866e-01,2.017570964082872620e-01,1.714366431889785547e-01,8.669929567517117852e-02,3.627024244524094665e-01,1.910417851671378231e-01,1.948277471043668163e-01,2.172067075837212091e-01,2.468570483450459041e-01,1.000000000000000444e+00,5.015592085652623849e-02
1.113111504121561818e-02,2.344158830057039011e-01,1.392400628188683043e-01,1.946626213811060990e-01,1.681472586381620171e-01,3.451209135912693959e-01,1.388264561443428025e-01,8.329636939885076696e-02,1.484360206941572335e-01,1.702430929842268792e-01,8.526337442523854171e-02,1.387178148895137353e-01,9.372766246534404433e-02,8.071907617401002932e-02,3.246034402449586853e-01,2.373433752903826022e-01,1.419194923095994376e-01,2.807744533653442343e-01,2.095742999141949614e-01,1.517000558007554623e-01,1.696625671049729611e-01,2.095871721313478375e-01,2.697892455548456248e-01,2.743283399528457789e-01,1.951103839295703635e-02,1.333270518597434451e-01,1.205533946531791717e-01,1.447562577318576293e-01,2.331832798199969803e-01,1.149338620447963311e-01,5.015592085652623849e-02,1.000000000000000222e+00
7.102144020922306067e-02,7.942156258408201996e-02,3.231729318681529628e-02,2.406485223078620034e-02,4.073078634158674993e-02,1.407398508585859173e-02,4.209579597309460325e-02,8.633839952351417268e-03,-7.969721412294505924e-02,-3.528214070860009877e-02,5.702933121805293937e-02,-2.777559503168002680e-04,6.569566994367986856e-02,4.183833967380134328e-02,-4.268596118157949593e-02,4.315872692706351765e-02,-8.846311136706292051e-04,-2.063090882413841712e-02,5.934348776373805923e-02,-6.006610230807932910e-02,-1.301056875250403838e-02,6.498935486693210861e-02,3.092065015235503575e-02,-8.837273209976155564e-02,9.626578414298550546e-04,-1.344676511647325406e-02,-1.107177417221008042e-01,-1.434740519748224641e-02,4.152119250215843826e-03,-9.430077830477362477e-02,3.156374296541421959e-02,-6.409971384944958273e-02
1.224978041763244430e-01,7.165388272572963124e-02,1.085776173881534135e-01,1.054513439075630520e-02,7.633031756446910510e-03,1.072687395667622640e-01,3.987265382278314119e-02,-6.391527776098819558e-02,-9.108912604748517494e-02,4.534034495387905331e-03,-4.076618094464435488e-02,-1.744428520956211454e-02,-3.700033419358367270e-02,1.320468357701452822e-01,1.010086622616399171e-01,6.321780158433844277e-02,3.056026871461084080e-02,1.002050078025354674e-01,2.893017325568339113e-02,3.077078974605322592e-02,7.766567966809809556e-03,-4.195160159003154254e-02,6.021163814739825121e-02,-1.501709517243102719e-02,1.254282315079387478e-01,-4.061715134950166090e-03,-5.402444328079084035e-02,-1.462350284428216851e-02,-2.868059088092058881e-02,3.109959056825511992e-03,-2.601355184816300792e-02,6.501003343611065806e-03
6.209062297367211325e-02,4.448637235411423418e-02,8.070768225474204971e-02,-3.208133555701271622e-02,3.172499087243126764e-02,1.673304733664331134e-03,2.451537675457599874e-01,1.322599508228742421e-02,1.218978933810870996e-01,3.079520903751585201e-02,-8.250430799096108297e-03,-7.473174499074486388e-02,3.653085891399248525e-02,4.053029190951192018e-02,5.669572796968153083e-02,5.818533626048827401e-02,-1.721523231145086902e-02,-2.421727467734386546e-02,2.183999090208245050e-02,9.686696918937645617e-02,2.869930852775620655e-03,2.340938343133966426e-03,6.502065943413390392e-02,1.871955333799310908e-02,-5.170808516933734361e-03,-2.929055054660441304e-02,9.904919534407519155e-02,-1.954086474443657295e-02,7.173589788405429490e-02,6.660982235762148707e-03,-6.440939419141485101e-03,-3.308591362292775950e-02
7.739023411284573495e-02,-9.004181024408894340e-02,-8.053891145789741912e-02,2.044284180462569572e-02,-2.230404860628831809e-02,-5.055447282472281395e-02,-2.695179177304424939e-02,-3.356540252278309572e-02,8.135541969557420067e-03,-5.777081788237169169e-02,-3.869183804757644896e-02,-2.477773482389486817e-02,9.532515697037870217e-03,5.465099426945975447e-02,-6.592995272842509802e-03,-1.458470973933985448e-03,3.302005227027733636e-02,4.460241769261352740e-02,2.467401783557914008e-03,-2.819873675327764020e-02,-9.581137284649973718e-02,-1.283115994688884265e-01,-1.192237075624866943e-02,-1.257756361809067025e-01,3.661155677814287995e-02,-2.295161387641706310e-02,-1.252094058999476400e-01,-8.325031598496862584e-02,-1.202128395174138498e-01,-4.818357441154059312e-02,-5.174671606660829343e-02,-7.342361946946204809e-02
4.098828021111414199e-02,7.583106981567659666e-03,1.072600005774189541e-01,3.464766965830141932e-02,9.111277755967914227e-03,1.997706796714806068e-02,1.399101631846738358e-01,3.213956268406881894e-02,7.171220366869968110e-02,-4.488869991625079464e-02,7.416655214777315153e-04,9.119284457751553746e-03,3.090131659980048517e-02,8.448436651974453038e-02,2.754402078083229705e-02,3.223869268845090674e-02,9.734310099431189856e-02,-7.424075263658151333e-04,5.984748177017946286e-02,7.764803742609378834e-02,9.952135257164632098e-02,1.701889225926370153e-01,1.060630266690365392e-01,-1.057225203206159092e-01,5.406700169973488457e-02,3.312771695680283290e-03,5.047373456750207238e-02,1.103803721991475500e-01,8.376064055816080656e-02,-6.233160759077513435e-02,1.983792434772230912e-02,-6.708280519561118926e-02
1.913880246406785002e-02,-4.217611727001018690e-02,2.707989733472612390e-02,5.477151870350129015e-02,-3.196148656508258912e-02,-2.572929890733986757e-02,5.104259943195066374e-02,-1.555837929390418636e-02,5.026914592720609087e-02,-3.086399007290906854e-02,2.551270813600562543e-02,3.223878053838215296e-02,-4.532221293687527242e-02,1.857495352474335115e-03,3.457936033170752599e-03,1.080246777668716351e-01,2.895894686314562025e-02,1.284678222221819488e-01,7.015395358131185088e-02,8.640801068220867187e-02,6.849094030416609524e-02,6.048899652537753635e-02,9.606743358429792323e-02,-4.407925034505052325e-02,9.412610075440048379e-03,-4.953487355313460072e-02,-4.135777549821013921e-02,-1.672586043736837280e-03,1.898031659344554672e-02,2.697408726344484656e-02,-5.365278221685108873e-03,4.659299410141868464e-02
1.128765138083868136e-01,-8.601594522435340728e-02,-2.604304926732204165e-02,-4.955307027163337319e-02,6.528942361814163431e-02,-1.428918156916592075e-04,-4.333007557150220929e-02,4.531512058878643667e-02,-1.352677187919327784e-01,3.576964250612785917e-02,2.644356495626581233e-02,7.466364103588087053e-02,-4.766454322059801574e-02,1.804732209177197649e-02,2.348653363771188718e-02,2.588239107390033836e-02,1.261873912109951756e-01,7.207030171023610932e-02,6.078093035880559325e-02,3.304498430228998418e-02,-5.138112103747440734e-02,-5.174164834449425376e-02,2.450258108506540161e-02,4.866531047209163990e-03,1.431744716652836868e-01,4.914453870547123848e-02,-5.522335974972584355e-02,1.016530039149433906e-01,-8.913350202360503793e-02,9.616569362436140633e-02,4.994690352510341991e-02,-1.768475818260131088e-02
1.006013167501202121e-01,-8.932524755034972064e-02,-5.653811437133428319e-02,-3.583123037671873123e-03,1.030489566578880051e-02,-5.667288705355784384e-02,2.095463862963064389e-02,2.980205899010045234e-02,-4.675180714272561544e-02,-1.657029168373767153e-03,-6.713758566421655638e-02,6.170734955622908524e-02,2.725525918248297708e-02,1.590267298353073289e-01,-5.813521198747356039e-02,9.075547749072931936e-03,8.490710570792392442e-02,1.197800344289217389e-01,5.277655749268411745e-02,7.550577487442214353e-03,2.067053683811977821e-02,1.736066833430320068e-03,9.901468673453579783e-02,-1.180933184770613792e-01,7.922795025292583837e-02,-6.229394052405700516e-02,-6.531843510790968921e-02,-7.684818938615226025e-02,-3.169591435560641102e-02,-5.764798302101785399e-02,-3.364390446129705836e-02,-9.669225647164797488e-02
1.427735169287595030e-01,-5.633431753735072822e-02,-2.331300069700146735e-02,-5.745212626260383371e-02,-4.686820058550483781e-02,-7.502590975817399754e-02,-1.725195070757268301e-02,-9.921174926200865274e-02,-5.779322395904363391e-02,-8.839297734560314090e-02,-4.771911324091347717e-02,-2.947193189186041173e-02,-1.224547244435099935e-01,-3.261653755517894548e-02,-1.038960299529289588e-01,1.419560482635033039e-01,3.500953308754856108e-02,-1.793826760572610549e-02,-7.736615266978447147e-02,-7.392546093293542175e-02,-1.188985666259793350e-01,-1.224802386370568708e-01,-7.279055465667506886e-02,-7.888499065727766490e-02,4.119012173722235576e-02,-1.120903111708331096e-01,-1.118948075378892321e-01,-1.342920341383351535e-01,-1.213988471087797810e-01,-3.359382855630527187e-02,-1.292838950319875613e-01,-3.762496854995805995e-02
7.945775395425874743e-02,2.821951895112410902e-02,-1.016408486389980964e-02,1.155817848136451997e-02,2.016104792665983358e-01,-3.630561636955680072e-03,1.132310622159804075e-01,1.846262255472136959e-01,1.194630962262448540e-02,1.842246771015484952e-01,1.685873974866127223e-01,4.028625306201237544e-02,8.246907475813598093e-03,1.185955365000506273e-01,-1.888780372907630095e-02,8.163185701927679061e-02,-6.559856378904792285e-02,3.678524976750588427e-02,1.008491259603651047e-01,1.021488830259533742e-01,-8.115969393578208180e-02,-7.215371213129054273e-04,1.377870786544957427e-02,-6.948191637787810848e-02,2.051409350447822369e-02,1.067499564029773806e-01,1.684265340957979626e-02,-5.213824870827742097e-02,-1.223843113345586195e-02,4.632893688375556984e-02,1.065943183996545529e-01,-4.186173264592650545e-02
2.112899415526674901e-02,-4.260565481647041186e-02,8.679152571957773898e-02,3.928323636799238572e-02,3.264857648822347413e-02,9.064410517160281788e-04,2.095570834635610696e-02,4.876386880938561597e-03,2.797376061417957555e-02,-2.175998621159959748e-02,5.593877314682020596e-02,2.953842221009372881e-02,-6.499217953653428637e-03,5.622173734183319449e-03,3.469687212760827477e-02,9.799161231007860740e-02,4.813511284481562791e-02,-2.349275485837856031e-02,3.661899510472928915e-02,7.938358811302141660e-02,1.432153950557256070e-02,-6.876985364458174099e-03,2.386010538293628983e-02,-7.571022774507660258e-02,2.142694704755483681e-03,5.371605011019063569e-02,-1.109950771713873185e-02,4.732738132842066736e-02,7.188848893344389201e-02,2.243592088106381027e-02,-2.571566958620419285e-02,1.379484866256284678e-02
5.479950516845506076e-02,-8.184276702425018202e-03,-8.648331903222582218e-02,4.336117666563232831e-02,5.748545062021378355e-03,1.074391188533493913e-02,3.520443152561104211e-02,-2.543780104308529522e-02,1.975911653981810359e-02,-2.223991186767316011e-02,-1.011375416524847165e-01,-2.082472308119890508e-02,1.054682993609826203e-02,9.175735894955330818e-02,-2.425748215938988706e-02,7.380812030419806047e-02,1.296917335225283019e-01,1.273375122847475449e-01,6.365150412271292080e-02,-8.454139586671526041e-02,4.595467752496162905e-02,-2.699957088116606771e-02,1.010727518930406438e-01,-3.963283754865638830e-02,7.877595002679549374e-02,-5.408760757056618740e-02,-1.036963277016776375e-01,-3.899570393078004293e-02,-7.626021937161750475e-02,-1.857092137234920420e-02,-2.200344957907534107e-02,1.813166914289631587e-02
-6.995920965154958648e-03,-1.294789223262488298e-01,-1.119183208928907769e-01,-2.006010226577347594e-02,5.401464020667678251e-02,4.179429170726641635e-02,-5.858128321527988902e-03,-4.281239155641201888e-02,6.582516329198083438e-02,-1.742880548147883110e-02,-6.715946225158515512e-03,-6.545339083517977968e-03,-1.241363069932717271e-02,1.261035736795845102e-02,-9.796423474484088068e-02,7.273636486196823070e-02,-3.479301397394404111e-02,9.988663265710373551e-02,3.159236514880704727e-02,-4.672185403847200352e-02,-1.584049967332776948e-02,-3.456370176437564834e-02,1.211130898841771275e-01,-3.463063172281822394e-02,5.074044731846674705e-02,-7.938843977249332787e-03,-1.080262617523636698e-01,-1.229842608200575407e-02,-4.355404199390532083e-02,-5.886941002877819212e-02,-4.407897199099186647e-02,-4.639385118120460672e-03
-3.702256145857486802e-03,-6.204746390886958785e-02,8.298910069991949356e-03,-1.651401514243108770e-02,-4.260397818540788417e-02,-6.831047375333318405e-02,-1.896745121169284357e-02,2.378146134480674939e-02,9.010668479896043193e-02,-1.039510134584854112e-01,-6.736878468312887391e-02,4.129954246363887194e-02,5.219946637302103065e-02,1.231928521224020939e-01,-3.240021161235402680e-03,-4.471962849848811622e-02,-3.550994598767544252e-02,4.142510838147421548e-03,2.808160889365751700e-02,2.364800603743103316e-02,-5.662691680717047045e-03,-6.379125481033667833e-02,2.475111315910109161e-02,-1.330129200784405663e-01,2.687806223413704426e-02,-5.238323346685735959e-02,-7.453751111140635710e-02,-4.498852911038320884e-02,-1.548537818047879960e-02,-6.843328228168682470e-02,-2.953158532795562355e-02,-9.080708649509576513e-02
6.779065393162517217e-02,-2.198408771462555950e-02,-3.933043490195984454e-02,3.920131566226892766e-02,-9.025812062994301166e-02,1.765789804656824058e-01,5.442784835035155422e-02,-6.982971188929805451e-02,3.594628372439116759e-02,-8.806714413767628008e-03,-1.103696918159143142e-01,-2.386393735943155917e-02,-5.328678640508939524e-02,3.374515815155301746e-02,1.309953436987811026e-01,1.637435175806987997e-02,8.592590399180746741e-02,1.054498913491710987e-01,4.993562707984669502e-02,9.254077279893482832e-03,-1.338474012266590088e-02,-6.017264725781892865e-02,6.888904195112961759e-02,5.995648540954946759e-03,5.568565700165959559e-02,-5.568000396244739136e-02,-6.963637321034425731e-02,-3.642523120473441928e-02,4.294928748734112151e-02,-1.016504545377707250e-02,-5.805544161593454572e-02,6.442829173267747289e-02
-2.075771079911158806e-02,-3.477801516289352746e-02,-1.881462522083438005e-02,-6.910208579868515333e-03,-6.514634760423546056e-02,-6.344209885460201648e-02,-7.372747436819543365e-02,-2.024371300468624443e-03,-6.996954218131229419e-02,-7.321766419287785432e-02,-3.777812332864778633e-02,7.614762030067402654e-02,-5.641729976234846622e-02,1.015305535964170815e-02,-6.300815481043721411e-02,4.198755579595772613e-02,5.955383393053698821e-02,3.945382851180935513e-03,4.818969505921367330e-02,8.348516222826028732e-03,-3.217713259134105663e-02,-6.014159633706876035e-02,7.374836709531343293e-02,-7.851827913511658097e-02,1.798116884202762000e-03,-3.712349258358316195e-02,-1.323291564303354373e-01,5.408768116615179922e-02,-5.039079602319758433e-02,-5.640287241909319738e-02,-6.293523394371711155e-02,-5.572872674189861125e-02
5.498587209487591082e-02,1.336882523453505195e-02,6.541827226757063185e-02,3.050653987062127218e-02,-2.813952048484210169e-02,-4.022248495966675164e-02,8.966093477600993455e-02,1.030135932713484026e-01,7.403096988266406886e-02,6.435272122568218289e-02,-7.307902766594701061e-02,-4.717086129343317502e-02,4.173570078351227647e-02,1.573689234793486033e-02,-4.139675199516192755e-02,4.284994841442592295e-02,3.691614282832012678e-02,2.356406407472035405e-02,4.050925310231016929e-02,4.995169531084001080e-02,5.055077864709139890e-02,3.208642256476638283e-02,8.985403037121043532e-03,-3.780365437865817330e-03,4.238735945839740282e-03,-6.719585082201279258e-02,-7.666045635484496426e-03,8.341437801413217890e-02,3.488614885905852447e-02,-1.909176891476008914e-02,2.497746127987098691e-03,-2.063025092967930157e-02
