1.000000000000000666e+00,3.346117628046222370e-01,1.722116614694755438e-02,1.052725732373302747e-01,5.731603865623548927e-02,2.296589932151023861e-01,3.302458327705580510e-02,1.964121624182247339e-01,1.541368415994205376e-01,1.316094720769835358e-01,7.749753847861462486e-02,1.752553657793224084e-01,2.102095792168179045e-01,5.106041095180817446e-02,5.513343000121236764e-02,1.069919435373666017e-01,1.452447937058361782e-01,4.504885260513770417e-02,7.785128788532474919e-02,1.941688220106538576e-01,1.833175993823114164e-02,1.735675374853533626e-01,3.900848448375358185e-02,3.867234518837601165e-01,2.584182825904033504e-02,1.033935119089793297e-02,8.736786027073725758e-02,2.630972669559559773e-01,9.883861767843760138e-02,-1.755571317608115717e-02,-6.709389773351032149e-03,2.343887525695761975e-01,1.366548196426745423e-02,1.049773297725337257e-01,2.443119958488717824e-01,6.647559780978183619e-02,3.002918313506086623e-01,5.417801790931348060e-02,1.455002083687412587e-02,3.568149369812730759e-02,1.054096430711436994e-01,9.659511765442338471e-02,1.064125816538372543e-01,1.084285766474938906e-01,1.392929187246444989e-01,1.686526947532387410e-01,9.262779548697148979e-02,1.561164643303477317e-01,2.659840828047819739e-01,6.046739867674384705e-02,8.889015655664835036e-02,2.334740796872931679e-01,-1.213471389580094914e-02,1.392263322104863033e-01,3.241721026227671332e-01,2.141449593962528875e-01,2.389545935024767753e-01
3.346117628046222370e-01,1.000000000000000444e+00,1.318023642148734853e-01,2.292769312507710877e-01,3.102665017812186177e-01,1.504625860156357520e-01,2.276893475650000609e-01,2.230081678331847506e-01,2.274836291679021016e-01,1.282742801900965679e-01,1.975794775190407582e-01,2.034232195321642456e-01,3.420969794033185130e-01,1.918101560872554900e-01,2.134347707785367587e-01,1.954049449292055984e-01,1.805478549357281137e-01,2.805581161670299140e-01,2.593617272184381983e-01,3.291627918969637356e-01,1.086901858699375334e-01,1.626697635183718404e-01,3.166073970872790300e-01,3.839551837222622277e-01,2.141094532857391042e-01,2.768141850097767254e-01,2.425322085826076557e-01,1.745886953054161805e-01,2.333716453167842819e-01,2.317048902839242697e-01,2.253809872684768012e-01,2.669919354639918030e-01,2.252497834942587818e-01,2.335762416819439080e-01,3.016682435526030770e-01,3.574926521092354204e-01,2.639348816675348153e-01,1.628674902122795864e-01,1.728200603048133943e-01,1.086366764218819614e-01,3.334445910704183502e-01,3.045799219855735429e-01,3.337918683149813659e-01,2.133844983619572755e-01,1.723499196707694026e-01,2.071399895268306590e-01,2.884355519355578656e-01,3.327120694477089802e-01,2.545956989617305100e-01,5.895844065867424100e-02,2.199553688513347094e-01,1.861289918472436300e-01,9.929846758548718788e-02,2.860111694636917612e-01,5.070367694107756895e-01,1.634593195222127648e-01,1.708778478626102049e-01
1.722116614694755438e-02,1.318023642148734853e-01,1.000000000000000444e+00,1.538151003969809305e-01,1.666703177290370097e-01,1.545239429992487645e-01,3.051353920567327904e-01,1.187777408115517352e-01,9.564064146472603389e-02,6.205792687799809720e-02,1.124917400812363438e-01,1.573488456186841189e-01,4.087705573586498248e-02,2.401016046690533368e-01,2.515143770871227091e-01,5.893482946262233735e-02,2.513756293725635249e-01,3.438755023073596373e-01,1.021562589116778996e-01,6.905170532984689080e-02,-2.338242177767819313e-02,1.842609622356982668e-01,1.551744369622219955e-01,7.270858369180373260e-02,5.336068724705615718e-02,2.150486294549727173e-01,1.109766788839423868e-01,1.355117416470036362e-01,3.606253370078599252e-02,1.955045326454292187e-01,3.697156498701290039e-02,1.003818707971431967e-01,2.749075555964308054e-02,3.001800969216342763e-01,2.121223211663840202e-01,1.705135906747989871e-01,1.620752794455197487e-01,1.203398554718546065e-01,1.371506872473315930e-01,6.722148569173536092e-02,1.653274369563557389e-01,8.593493564047192945e-02,1.722130067349587346e-01,1.498750719698845046e-01,2.126299588826308096e-01,1.211599555164120101e-01,1.824740588784657391e-01,4.863825979166118418e-02,1.523946415673933241e-01,1.408101716198885134e-01,4.280163987580846985e-02,-3.320581512790993228e-03,2.095786844722388187e-01,1.962265429789330773e-01,1.259444761570365223e-01,2.126417861836965850e-01,1.112563537289221749e-01
1.052725732373302747e-01,2.292769312507710877e-01,1.538151003969809305e-01,1.000000000000000444e+00,1.341977080314253334e-01,1.850319814713259903e-01,1.480757115331133855e-01,2.436058885442639321e-01,1.086530564577112556e-01,1.319417881938329817e-01,1.285812861258845141e-01,1.778190394612506053e-01,1.246795121798597722e-01,6.751812243505726785e-02,2.610837347859899515e-01,3.471606289107873611e-01,1.506491130218599594e-01,1.432511718911617382e-01,1.764975547409349255e-01,2.723116951650823570e-01,1.315922589161631906e-01,1.920918161998849127e-01,9.403689693997699384e-02,1.469197712738938844e-01,3.023839416246697914e-02,1.390024295222753170e-01,2.760140416165692279e-01,1.188794149331340033e-01,1.007119158036999806e-01,1.689603954189942692e-01,1.851487719556845768e-01,2.152341124844902587e-01,2.059941654045409354e-01,2.382893369531573213e-01,2.210983630171911574e-01,1.625102924202934951e-01,1.625699814467713444e-01,1.390495444754808185e-01,1.225691167218593419e-01,2.740256584773011900e-02,2.045934468123628558e-01,1.143899345552750468e-01,1.602842451188721817e-01,2.144414352446629701e-01,2.874826608536905637e-01,2.339356938485774307e-01,4.092408078515494818e-01,1.904539621814047845e-01,2.117085736149932063e-01,8.764416164123270403e-02,1.237275962646270794e-01,1.275525318426213861e-01,1.561868133539714987e-01,2.991810147807365539e-01,1.850634676191347527e-01,1.505125058380875069e-01,1.521821124022959548e-01
5.731603865623548927e-02,3.102665017812186177e-01,1.666703177290370097e-01,1.341977080314253334e-01,1.000000000000000444e+00,9.222618847370556150e-02,2.871394410992962332e-01,1.654842864678608694e-01,2.201800936659897290e-01,-2.114775379662464649e-02,2.721509862307158745e-01,1.362190050143811393e-01,1.687446225401887379e-01,9.003668006101789301e-02,2.200103677255300927e-01,1.759860134965576806e-01,1.359215543384311997e-01,2.579258279001306331e-01,2.022133849999621646e-01,2.368588059057753215e-01,2.757295781978308380e-01,1.696302411680041811e-01,3.954959989386183095e-01,1.737270398709680197e-01,3.660933964214272418e-01,5.293132154817516977e-01,2.026436996531209567e-01,4.419980230991674836e-02,1.441030940631634061e-01,3.352009554979488160e-01,3.840857537547652800e-01,6.760853139493820663e-02,3.340646371114154856e-01,2.384060157274738856e-01,1.853022993492061121e-01,4.429497593933016675e-01,1.311714497290730752e-01,9.395528148440968064e-02,2.906135482501201461e-01,-2.326953887946310237e-02,5.838305366600680113e-01,4.550040957462891389e-01,1.884100282514379332e-01,2.081359470826562863e-01,1.116415380589158290e-01,1.441160055575697596e-01,1.793194829117026046e-01,1.996487434261733085e-01,1.858168460219251084e-01,9.485332977744366512e-02,1.164694261113383145e-01,7.987495690455047315e-02,1.650619809724342690e-01,3.905286503075705573e-01,2.145091254697585048e-01,1.111964804369731386e-01,7.031643088962058474e-02
2.296589932151023861e-01,1.504625860156357520e-01,1.545239429992487645e-01,1.850319814713259903e-01,9.222618847370556150e-02,1.000000000000000666e+00,2.177158076213884519e-01,1.672713158399227462e-01,2.973599958725722248e-01,8.439967299109486787e-02,3.770581736741714929e-01,4.254243567481411636e-01,1.787440418679960286e-01,1.270682337650035909e-01,2.979631090747486555e-01,1.048067090336739227e-01,2.511045191800573284e-01,1.267216055359906557e-01,1.016742428138442955e-01,1.488388971592672916e-01,-5.322405937855672481e-02,2.355963200039442873e-01,2.395658909842859549e-02,2.683865171615568701e-01,3.014750191208753760e-02,9.557702457983748012e-02,2.344236425918780897e-01,1.098200438002636947e-01,1.316631986474031124e-01,5.046495858720057015e-02,-2.963299564779496922e-02,2.156720637712358501e-01,-4.662836655558105781e-02,1.831295054866858563e-01,2.236098660891035761e-01,7.358558834385306446e-02,2.561373886796673993e-01,2.008830795763251464e-01,3.084287410420243764e-02,7.960168598728813161e-02,1.495293609847920813e-01,7.222646776944222080e-02,3.008039100709605229e-01,7.005663598668455672e-01,4.280694258883540604e-01,2.674535934842869889e-01,2.758833902958345852e-01,1.698645215161288247e-01,3.500066648492340393e-01,2.247050485081765747e-01,3.628881569052654910e-01,3.971504356645850220e-01,1.489054603920420550e-01,1.655532595412367303e-01,2.012352866456427747e-01,2.294637412065887172e-01,4.122264763351324302e-01
3.302458327705580510e-02,2.276893475650000609e-01,3.051353920567327904e-01,1.480757115331133855e-01,2.871394410992962332e-01,2.177158076213884519e-01,1.000000000000000444e+00,1.673741672864333674e-01,1.449335010858628925e-01,9.161976046494188508e-02,1.908283805283060852e-01,1.172508027932231689e-01,1.570520257215713422e-01,1.829583870613594454e-01,5.604535840123998636e-01,1.746403661754650782e-01,1.712819656930325007e-01,3.530528793071553428e-01,2.937851408678390785e-01,1.311273292233030852e-01,2.676807137927665892e-01,1.830223528741796446e-01,3.809400197137714494e-01,1.414393705371583265e-01,1.876614240785027810e-01,3.400067775775467704e-01,2.404648237830517843e-01,3.036406979154438260e-03,1.326081497648467222e-01,3.043150215700828332e-01,3.128833796095424891e-01,5.173830807095505802e-02,2.611939236775316919e-01,2.222974452051528771e-01,1.016907480764646515e-01,3.343320165309241476e-01,1.750157014423155966e-01,1.510286632011390295e-01,3.186589383281630550e-01,1.604907070458103380e-01,2.555241716214215475e-01,3.217322011384837754e-01,2.267898690676799223e-01,2.597203773322071529e-01,2.333975029061020612e-01,1.591757011215770845e-01,2.440731620641206912e-01,6.540908215498614231e-02,2.292879442722275396e-01,1.621104883664454543e-01,1.537264089867554362e-01,1.416395822695537821e-01,3.182304802256843423e-01,2.064038870534523062e-01,1.583568108581966671e-01,4.655043661245437947e-02,1.181176878260637164e-01
1.964121624182247339e-01,2.230081678331847506e-01,1.187777408115517352e-01,2.436058885442639321e-01,1.654842864678608694e-01,1.672713158399227462e-01,1.673741672864333674e-01,1.000000000000000444e+00,1.639002614210708364e-01,2.368946239142111498e-01,9.465442424509599995e-02,8.708013605756542708e-02,1.385877957197215737e-01,7.274472628157524490e-02,1.387605971186358644e-01,2.969011260359764037e-01,2.935335041582799454e-01,1.887180906864309726e-01,2.202750006063574073e-01,1.344590887035191640e-01,1.089057429706780933e-01,1.145743876995577587e-01,1.326540029043822289e-01,2.125924913425522866e-01,1.004437986536961536e-01,1.115182338379869520e-01,2.237828785101005913e-01,9.377833066458701738e-02,1.453253553997326808e-01,1.403411514593535248e-01,2.021105527117227629e-01,1.985335407637696392e-01,2.320665926309883886e-01,2.431516582708377894e-01,2.686399756914270576e-01,2.369469626069219126e-01,1.334637722268172122e-01,2.867445712994902141e-01,1.741504221237878680e-01,1.864948020967280296e-01,1.150895376182329150e-01,1.506873912030146090e-01,1.343894082451545235e-01,1.563418053189023493e-01,1.457950164264860404e-01,2.181645613092615399e-01,2.179419903070544673e-01,2.945069453503544876e-01,2.727845586412995793e-01,9.484338532197437999e-02,1.026320494114915244e-01,2.019234744972445705e-01,1.466028733872967726e-01,1.404794889381640322e-01,1.923538505980636470e-01,2.292213895285508674e-01,2.300796293790736968e-01
1.541368415994205376e-01,2.274836291679021016e-01,9.564064146472603389e-02,1.086530564577112556e-01,2.201800936659897290e-01,2.973599958725722248e-01,1.449335010858628925e-01,1.639002614210708364e-01,1.000000000000000444e+00,1.146279205687814051e-01,3.888081455993276370e-01,3.755416133143536506e-01,2.623686411631127036e-01,1.116454662943583281e-01,1.502500543558333845e-01,8.058116329974474024e-02,1.577661448994344684e-01,1.868589629867596913e-01,1.171458231464333893e-01,1.340856253299331224e-01,-1.496518909924441851e-02,7.029480202906832065e-02,1.293617624997256410e-01,1.983405137927934936e-01,2.690503191009190748e-02,2.015982296339528523e-01,2.046048649629444438e-01,2.059180234452921421e-01,1.834577974438484638e-01,1.789893027369309775e-01,1.118104293572067531e-01,2.484276371318658305e-01,7.743419134697454576e-02,1.939756601232916489e-01,3.737095567303084231e-01,2.285613110830357064e-01,1.761618379937879009e-01,8.997384888586461293e-02,1.154614764869567878e-01,2.691175933098017073e-02,1.212663623775124266e-01,1.586243413010134107e-01,2.618603662587040692e-01,3.592748800095724726e-01,1.189706023946909830e-01,5.244545069963560402e-02,1.408799873630284250e-01,2.774401510403109450e-01,3.339349246007143890e-01,1.826167114950030812e-01,4.949168097156864121e-01,4.765241139382342950e-01,4.102255989972539152e-02,1.514763020184257125e-01,3.033819007753166819e-01,2.065856846464770025e-01,3.527842343525341429e-01
1.316094720769835358e-01,1.282742801900965679e-01,6.205792687799809720e-02,1.319417881938329817e-01,-2.114775379662464649e-02,8.439967299109486787e-02,9.161976046494188508e-02,2.368946239142111498e-01,1.146279205687814051e-01,1.000000000000000444e+00,-4.226698335993782363e-02,1.126143505649435973e-02,5.703706289692286185e-02,6.878647867672105232e-02,3.543410741239538808e-02,1.741551365410011210e-01,1.465961887242550055e-01,1.295980636219161430e-01,9.159777086811593527e-02,6.396029161180641354e-02,2.086791084598947632e-02,1.278403856698169527e-01,5.591097937655976902e-03,1.434631499908571584e-01,4.022931524336985365e-02,2.739826786275831316e-02,1.112865642003478817e-01,1.000984987828208161e-01,8.484616724516813591e-02,5.276780073930338599e-02,1.087502672667200326e-02,1.413107220069201864e-01,1.814111395903836299e-02,1.581075220020912719e-01,2.617552368156342846e-01,1.187372795304231093e-01,6.875084188748675773e-02,8.840972873159114176e-02,7.263013741250348709e-02,-1.861377137204303298e-02,2.636083017383981583e-02,2.296687386036939602e-02,6.914293387627148957e-02,4.151309270588186828e-02,1.490344250154905792e-01,3.290615731186658649e-02,1.180748185197506156e-01,8.143992006317160581e-02,1.454846810969532556e-01,1.881262310931478277e-01,8.013388072307905952e-02,1.101492996406144564e-01,1.286763318885098539e-01,2.994885681863439578e-02,1.785748444642716593e-01,9.393355134047695620e-02,1.287519134516111885e-01
7.749753847861462486e-02,1.975794775190407582e-01,1.124917400812363438e-01,1.285812861258845141e-01,2.721509862307158745e-01,3.770581736741714929e-01,1.908283805283060852e-01,9.465442424509599995e-02,3.888081455993276370e-01,-4.226698335993782363e-02,1.000000000000000222e+00,3.394559996718604644e-01,2.104465034448152749e-01,1.300911019158019211e-01,1.994392305283435585e-01,3.009882945930977133e-02,2.116737375642860908e-01,1.693895777282765913e-01,1.650651866772007148e-01,1.836045399376873832e-01,2.947189605956965913e-02,1.163424834611396508e-01,1.608076371421665041e-01,1.894730284416884514e-01,1.189025317697494089e-01,3.700887805385322804e-01,2.343299448439430388e-01,1.474212162595603948e-01,7.837359057989604083e-02,1.729552203458043502e-01,1.364511102503070950e-01,1.721251351509258676e-01,1.262763775409483924e-01,1.270007631879176424e-01,2.221235607692189362e-01,1.843249253006983834e-01,1.362699173167546962e-01,8.973314915852419194e-02,1.987583970907643716e-01,5.761869195647756348e-02,2.348922410701250185e-01,1.739831838529164731e-01,3.110350893114421922e-01,4.088672444168532372e-01,2.292059428486354911e-01,1.474575550499208909e-01,1.331791403272850061e-01,2.055739573322153124e-01,1.942684090196069024e-01,1.493242065623377746e-01,3.380568987583958407e-01,3.358464586359308779e-01,1.781574805032322684e-01,1.887237548534821396e-01,2.339207623930716351e-01,2.234655984912698456e-01,3.478829511869475644e-01
1.752553657793224084e-01,2.034232195321642456e-01,1.573488456186841189e-01,1.778190394612506053e-01,1.362190050143811393e-01,4.254243567481411636e-01,1.172508027932231689e-01,8.708013605756542708e-02,3.755416133143536506e-01,1.126143505649435973e-02,3.394559996718604644e-01,1.000000000000000222e+00,3.143444715660810851e-01,8.750361104605733353e-02,1.739494642816904468e-01,1.560265257218960422e-01,1.944498972037371765e-01,7.106147097172248184e-02,1.146738640100797846e-01,2.270711855768954290e-01,-8.135096723909975014e-02,1.308104780293024016e-01,2.796833121304041769e-03,3.046977004810171863e-01,6.898186612766662659e-03,1.374432807654952238e-01,2.136040395888152144e-01,1.903783746322802728e-01,3.036880734276079519e-01,5.128579308257948804e-02,2.511368734778713849e-02,2.697395690733781493e-01,-9.863121506267792313e-03,1.285163472119225103e-01,3.175429286913141191e-01,1.702079515280868205e-01,2.383365182723480857e-01,2.008182565343407111e-01,9.914950740267466922e-02,-3.993555669702398767e-03,5.949314088256529159e-02,4.788652382436798388e-02,5.093148955997975902e-01,3.612887320300182115e-01,2.319361255086535012e-01,1.846434977847959402e-01,1.918708975455199472e-01,2.861164432953254844e-01,3.264088770364863556e-01,1.870466353802452963e-01,4.347948343966034912e-01,4.751755130434491825e-01,1.136632906864497861e-01,1.455593761711422851e-01,2.384881879155544004e-01,2.534011874679814036e-01,3.161389857489258493e-01
2.102095792168179045e-01,3.420969794033185130e-01,4.087705573586498248e-02,1.246795121798597722e-01,1.687446225401887379e-01,1.787440418679960286e-01,1.570520257215713422e-01,1.385877957197215737e-01,2.623686411631127036e-01,5.703706289692286185e-02,2.104465034448152749e-01,3.143444715660810851e-01,1.000000000000000000e+00,1.163640586418193956e-01,2.350930763572535165e-01,1.350091572060656553e-01,1.527490261934578153e-01,1.203422560876614977e-01,2.722521530970337666e-01,2.146964918488616925e-01,2.681130170045079031e-03,1.220404318212120892e-01,1.455316466876057646e-01,2.865813080181091044e-01,2.637920574001608939e-02,1.633276266852030090e-01,2.454650683899690100e-01,1.986803805113416810e-01,4.136525407043897262e-01,1.633878172735379053e-01,6.837931885365788887e-02,2.106523160334847766e-01,8.112680581424233650e-02,1.824671777345288903e-01,1.822208638902869660e-01,1.645485136744755383e-01,2.470138955391949498e-01,6.913695555075707877e-02,1.934787127697369657e-01,-2.874423111653422874e-02,1.681329710677761102e-01,1.498448760088417486e-01,3.891988645187168805e-01,2.417029319002996224e-01,1.637363168482491305e-01,1.020950489081704493e-01,1.898148029079451959e-01,2.437256541915879537e-01,2.261686804874166734e-01,1.605222949895088180e-01,1.958493530883449740e-01,2.884113418590725786e-01,1.492501993074266675e-01,1.645073635075923746e-01,2.959600319124229273e-01,1.502599930363622827e-01,1.513212114339985148e-01
5.106041095180817446e-02,1.918101560872554900e-01,2.401016046690533368e-01,6.751812243505726785e-02,9.003668006101789301e-02,1.270682337650035909e-01,1.829583870613594454e-01,7.274472628157524490e-02,1.116454662943583281e-01,6.878647867672105232e-02,1.300911019158019211e-01,8.750361104605733353e-02,1.163640586418193956e-01,1.000000000000000666e+00,1.391099598765423717e-01,7.199034300416640164e-02,1.441976876857569700e-01,1.729435551185792841e-01,1.061351750684751960e-01,9.438053295788734198e-02,-9.229831606987336234e-03,2.647835968645504412e-01,1.552997804274974247e-01,1.467048759526106139e-01,1.074758617634744146e-01,1.737501369633306647e-01,9.592988575855568301e-02,2.240856956355497809e-01,8.549556227301521871e-02,7.632893529605325189e-02,5.543116946707205700e-02,1.378094224326002204e-01,1.284035822127607696e-02,1.174089064144042960e-01,1.732553812467894083e-01,1.545682466608905570e-01,2.133598945201019559e-01,1.143717316877959078e-01,4.636468897311094017e-02,7.928690162439309963e-02,1.381955038630660604e-01,9.406624272515821950e-02,1.542705032233943063e-01,1.120305032900954512e-01,8.695098476610481353e-02,5.827829830393894961e-02,1.543446041416235981e-01,1.588588446137131349e-01,7.565470194891102396e-02,6.905527923084675557e-02,1.502821452844224359e-01,1.134233956848650637e-01,9.008135546692987161e-02,1.687785743352144818e-01,1.942681707051850948e-01,2.898722623519276453e-01,2.154899860417187618e-01
5.513343000121236764e-02,2.134347707785367587e-01,2.515143770871227091e-01,2.610837347859899515e-01,2.200103677255300927e-01,2.979631090747486555e-01,5.604535840123998636e-01,1.387605971186358644e-01,1.502500543558333845e-01,3.543410741239538808e-02,1.994392305283435585e-01,1.739494642816904468e-01,2.350930763572535165e-01,1.391099598765423717e-01,1.000000000000000444e+00,1.554386175022644534e-01,1.609945905736554495e-01,2.417108890831027312e-01,2.073421426280735724e-01,2.266405206128462579e-01,1.562168519413805190e-01,2.122444613761199916e-01,3.291839832060358129e-01,1.318844364180085382e-01,1.695449404788301195e-01,3.471561651856419628e-01,2.693405299607807835e-01,-3.528157216072316804e-05,7.064569996632637239e-02,3.369743063432525387e-01,1.628812324823120106e-01,1.055608522127374771e-01,2.054121688459144557e-01,1.559250008494489081e-01,1.637498833721900415e-01,2.346116567331326952e-01,2.141056842830635909e-01,1.080876977528382743e-01,2.826526836891947170e-01,9.535685680242844686e-02,2.368157438429111250e-01,2.667140305584888016e-01,1.921132801004561963e-01,3.666891135610699237e-01,2.954561483444335668e-01,1.048002366628678628e-01,3.436105124255288690e-01,7.962261671786677319e-02,2.817775502107061625e-01,5.879909569239381850e-02,1.581182981202012283e-01,2.187081940977990135e-01,3.299927413348686112e-01,2.234030261526340766e-01,7.596623056098922300e-02,1.946736927130525777e-02,7.024757844425175146e-02
1.069919435373666017e-01,1.954049449292055984e-01,5.893482946262233735e-02,3.471606289107873611e-01,1.759860134965576806e-01,1.048067090336739227e-01,1.746403661754650782e-01,2.969011260359764037e-01,8.058116329974474024e-02,1.741551365410011210e-01,3.009882945930977133e-02,1.560265257218960422e-01,1.350091572060656553e-01,7.199034300416640164e-02,1.554386175022644534e-01,1.000000000000000000e+00,1.153925007795891661e-01,1.067185963293495743e-01,3.536165142621697788e-01,2.356908704422178702e-01,2.819438517499922581e-01,1.453714752846907154e-01,1.246687269793339825e-01,1.769133599775701837e-01,5.283748075524149351e-02,1.044172536134706508e-01,2.969579840257527414e-01,7.190819487447749903e-02,1.547753159299488923e-01,9.787147768277672244e-02,3.122094429726183229e-01,1.765641130095839673e-01,2.845709381480796552e-01,2.302148354720651713e-01,1.317673312894660498e-01,1.981708211693570532e-01,1.091820942277980794e-01,3.832486567812013467e-01,1.186720843613245091e-01,8.939814285790921577e-02,2.023403485209422092e-01,1.375211027261400432e-01,1.064038576991948176e-01,1.648198726269093639e-01,1.857440153794575055e-01,2.811660366967754232e-01,3.120708947669187383e-01,1.725354843552222850e-01,1.899169456615534546e-01,6.553637704393489027e-02,1.073706730489439876e-01,8.157168205802348138e-02,1.646430112894463615e-01,1.692787473429960277e-01,9.665750269516573678e-02,1.204834053117851411e-01,1.369124585462388466e-01
1.452447937058361782e-01,1.805478549357281137e-01,2.513756293725635249e-01,1.506491130218599594e-01,1.359215543384311997e-01,2.511045191800573284e-01,1.712819656930325007e-01,2.935335041582799454e-01,1.577661448994344684e-01,1.465961887242550055e-01,2.116737375642860908e-01,1.944498972037371765e-01,1.527490261934578153e-01,1.441976876857569700e-01,1.609945905736554495e-01,1.153925007795891661e-01,1.000000000000000666e+00,1.625443796824556641e-01,1.229221344761394358e-01,8.297382509088246927e-02,-2.797049455667545426e-02,1.104547676814088969e-01,1.237575509028797510e-01,1.532108070556691959e-01,4.877342360775054758e-02,1.908633559358908216e-01,1.463244955565660421e-01,1.679601097420208022e-01,1.663221789719993848e-01,1.468612542272758059e-01,8.972681501187763919e-02,1.274548299761331938e-01,2.114578743808388089e-02,2.416857919720154513e-01,2.888222655818206697e-01,1.337409787901586988e-01,1.483445978520201713e-01,2.530134411730964317e-01,4.635765147808526554e-02,9.552275556806502643e-02,1.157485499319164668e-01,8.172886880868013293e-02,1.848236206804410309e-01,2.365718871848628557e-01,1.522673231781013492e-01,1.313472547174753258e-01,9.650545171620381057e-02,2.355172543881578762e-01,3.082451106183293210e-01,1.703408482881407227e-01,1.978780497812605565e-01,1.468886103622888406e-01,1.392777905270090877e-01,1.238359781739217930e-01,1.703991204340928323e-01,2.585202930534813981e-01,3.394644643789026528e-01
4.504885260513770417e-02,2.805581161670299140e-01,3.438755023073596373e-01,1.432511718911617382e-01,2.579258279001306331e-01,1.267216055359906557e-01,3.530528793071553428e-01,1.887180906864309726e-01,1.868589629867596913e-01,1.295980636219161430e-01,1.693895777282765913e-01,7.106147097172248184e-02,1.203422560876614977e-01,1.729435551185792841e-01,2.417108890831027312e-01,1.067185963293495743e-01,1.625443796824556641e-01,1.000000000000000444e+00,2.524555327958228901e-01,1.686546626596626408e-01,2.066745672419235125e-01,1.881042508429237037e-01,4.089495343540965888e-01,1.691747361297152308e-01,2.688662636555100294e-01,2.547786860723431634e-01,1.745136940627866062e-01,6.017057594485701599e-02,7.913104160802930664e-02,3.331355746327279710e-01,3.015163883470107220e-01,1.236961066186241104e-01,2.459722943780848770e-01,2.518004131582405325e-01,2.214867265550951314e-01,3.885334618012870611e-01,1.654062385269235436e-01,2.120114526883801753e-01,2.367907875936827722e-01,2.552139935254475744e-02,3.609372064548743708e-01,3.406333512409299713e-01,2.009964766214631937e-01,1.908484484488456867e-01,1.275988992393134458e-01,6.697720147466779128e-02,1.605421128227140504e-01,1.477125114126852656e-01,1.311234489538590231e-01,2.396112799909519420e-01,1.400785532720419668e-01,1.232499773376462271e-01,1.864975361165335799e-01,2.575097712297173547e-01,2.211361870180088840e-01,1.736244000680282618e-01,8.024840926429946397e-02
7.785128788532474919e-02,2.593617272184381983e-01,1.021562589116778996e-01,1.764975547409349255e-01,2.022133849999621646e-01,1.016742428138442955e-01,2.937851408678390785e-01,2.202750006063574073e-01,1.171458231464333893e-01,9.159777086811593527e-02,1.650651866772007148e-01,1.146738640100797846e-01,2.722521530970337666e-01,1.061351750684751960e-01,2.073421426280735724e-01,3.536165142621697788e-01,1.229221344761394358e-01,2.524555327958228901e-01,1.000000000000000444e+00,1.806730390109167195e-01,1.565000414961806308e-01,2.079368037928399360e-01,2.165461893096153889e-01,2.046359486659427018e-01,1.734804854735387258e-01,2.300718431144468945e-01,1.656996518543221442e-01,1.242833984801721414e-01,1.192792389204670456e-01,1.124092835296383874e-01,2.368719975623532203e-01,2.052344489003589401e-01,2.656522551730979842e-01,2.308458985805704744e-01,9.251044955184249685e-02,2.796399351378822118e-01,1.621216277736293732e-01,1.811009347735065833e-01,1.502389319276937196e-01,1.000784604412881529e-01,1.993733517582012282e-01,1.700378699359231249e-01,1.930256898344870353e-01,1.430574555746996768e-01,1.244862373846492287e-01,1.458939375215813627e-01,1.958999549890202696e-01,1.856263083892185917e-01,1.374941908546210012e-01,2.214226492946850811e-01,1.634421792724636835e-01,1.163812823746532277e-01,2.845989721264818861e-01,1.064519189149186057e-01,2.223872256509193956e-01,1.067123878551772126e-01,1.593499745375181464e-01
1.941688220106538576e-01,3.291627918969637356e-01,6.905170532984689080e-02,2.723116951650823570e-01,2.368588059057753215e-01,1.488388971592672916e-01,1.311273292233030852e-01,1.344590887035191640e-01,1.340856253299331224e-01,6.396029161180641354e-02,1.836045399376873832e-01,2.270711855768954290e-01,2.146964918488616925e-01,9.438053295788734198e-02,2.266405206128462579e-01,2.356908704422178702e-01,8.297382509088246927e-02,1.686546626596626408e-01,1.806730390109167195e-01,1.000000000000000444e+00,2.107797795131384766e-01,2.225789460964422983e-01,2.552586015236674721e-01,3.108334573452746774e-01,1.727047396709101568e-01,2.344696200459592261e-01,1.786531672066101195e-01,1.921815195557723677e-01,1.250158609006765953e-01,1.912853901509706245e-01,2.582684111520093806e-01,1.575910544391482537e-01,2.036322103798666738e-01,2.086632789676905186e-01,1.588492312219411395e-01,2.502262285672233189e-01,1.676582240059606987e-01,5.647882107150850595e-02,1.830820580458673019e-01,-1.033166412870548286e-02,3.493479148774938370e-01,2.408375733467584545e-01,2.218992902581695126e-01,2.132935499598094531e-01,2.577139845052983658e-01,2.106811923607568859e-01,2.610622894520684412e-01,1.863896633091590982e-01,7.288743275312681291e-02,1.327053271325442374e-01,1.207542034919715790e-01,1.532790797974679653e-01,1.586310374413709423e-01,3.941933667328690327e-01,2.396280488984869617e-01,2.007058582554440695e-01,1.081280905928546643e-01
1.833175993823114164e-02,1.086901858699375334e-01,-2.338242177767819313e-02,1.315922589161631906e-01,2.757295781978308380e-01,-5.322405937855672481e-02,2.676807137927665892e-01,1.089057429706780933e-01,-1.496518909924441851e-02,2.086791084598947632e-02,2.947189605956965913e-02,-8.135096723909975014e-02,2.681130170045079031e-03,-9.229831606987336234e-03,1.562168519413805190e-01,2.819438517499922581e-01,-2.797049455667545426e-02,2.066745672419235125e-01,1.565000414961806308e-01,2.107797795131384766e-01,1.000000000000000222e+00,9.002067586265141697e-02,4.075972372266881139e-01,7.189715941381316644e-02,3.559721754899318191e-01,2.485295178687969009e-01,7.127185542698173670e-02,-1.529073543133895041e-02,3.411490677516594572e-02,1.348761095302743740e-01,5.700367097154501739e-01,-3.892101477959978434e-02,5.819765564597561003e-01,2.228991223316138109e-02,-5.005747819595673942e-03,3.620676061868727258e-01,-1.146462498991226986e-02,8.372840988924479255e-02,2.800167389336184476e-01,8.081313363443602682e-02,3.389817289715507664e-01,3.093492599683734801e-01,-1.568755354813072475e-02,2.646156685496819233e-03,1.429259243184857059e-02,1.165811460134010408e-01,8.386333179705865448e-02,5.238570574508214645e-02,4.507007871134208893e-02,-6.628222076695370127e-03,2.064011472785403853e-02,-4.185702987436400180e-02,1.474753880060029054e-01,2.106301774558105855e-01,7.311657736748082559e-02,2.705778033148309447e-03,-8.074989940138269096e-02
1.735675374853533626e-01,1.626697635183718404e-01,1.842609622356982668e-01,1.920918161998849127e-01,1.696302411680041811e-01,2.355963200039442873e-01,1.830223528741796446e-01,1.145743876995577587e-01,7.029480202906832065e-02,1.278403856698169527e-01,1.163424834611396508e-01,1.308104780293024016e-01,1.220404318212120892e-01,2.647835968645504412e-01,2.122444613761199916e-01,1.453714752846907154e-01,1.104547676814088969e-01,1.881042508429237037e-01,2.079368037928399360e-01,2.225789460964422983e-01,9.002067586265141697e-02,1.000000000000000444e+00,2.318170778957478750e-01,2.120946167199463939e-01,1.069302108093262704e-01,1.478307942525675100e-01,1.926192659677258834e-01,2.260556607978543853e-01,1.033342733221017662e-01,1.034307425684371368e-01,1.201423274442094402e-01,1.618856847754235329e-01,1.145073902044275449e-01,1.547123640937725919e-01,1.313788255820488027e-01,1.903644381117383100e-01,3.339506674959283883e-01,2.552090793489917436e-02,9.519354934543444724e-02,2.073041866326358340e-02,1.966787562420712066e-01,1.513156364715454449e-01,1.951297282354083062e-01,1.427130201905001117e-01,2.363727342619068861e-01,9.451149124109375910e-02,2.403295000102526058e-01,1.837657881071764476e-01,2.195941854827186956e-01,1.907270575431385673e-01,4.333304573078115840e-02,1.006572381763833762e-01,2.371828988397996218e-01,3.196086415877651965e-01,1.614723881960742902e-01,2.365160635377905884e-01,1.572817358737362559e-01
3.900848448375358185e-02,3.166073970872790300e-01,1.551744369622219955e-01,9.403689693997699384e-02,3.954959989386183095e-01,2.395658909842859549e-02,3.809400197137714494e-01,1.326540029043822289e-01,1.293617624997256410e-01,5.591097937655976902e-03,1.608076371421665041e-01,2.796833121304041769e-03,1.455316466876057646e-01,1.552997804274974247e-01,3.291839832060358129e-01,1.246687269793339825e-01,1.237575509028797510e-01,4.089495343540965888e-01,2.165461893096153889e-01,2.552586015236674721e-01,4.075972372266881139e-01,2.318170778957478750e-01,1.000000000000000444e+00,1.183641690951458408e-01,5.221580254360967954e-01,4.527581478973986551e-01,6.832507354328298810e-02,-3.939231281839850052e-02,8.680925974835704273e-02,4.007540920647789662e-01,5.184356338884699156e-01,1.435264866329177824e-02,4.804876050141062560e-01,1.416589655081860466e-01,1.051723371556857606e-01,5.110044618625496637e-01,1.633102287176767531e-01,6.254167461811228901e-02,3.712199976981085392e-01,-2.095800736738899148e-02,4.570838995645734038e-01,5.362249360456996516e-01,5.238301705211957648e-02,9.899499377178563875e-02,-3.586932853118485198e-02,-6.708316761542335027e-04,7.631286055231208121e-02,2.832728223238204640e-02,7.341515102478174404e-02,1.472243273372604230e-02,6.048994990233330649e-02,-5.716688109671138468e-02,2.368452794652027571e-01,3.254873277354577432e-01,1.133267867422899783e-01,4.201172588381460460e-02,1.263972068289102510e-02
3.867234518837601165e-01,3.839551837222622277e-01,7.270858369180373260e-02,1.469197712738938844e-01,1.737270398709680197e-01,2.683865171615568701e-01,1.414393705371583265e-01,2.125924913425522866e-01,1.983405137927934936e-01,1.434631499908571584e-01,1.894730284416884514e-01,3.046977004810171863e-01,2.865813080181091044e-01,1.467048759526106139e-01,1.318844364180085382e-01,1.769133599775701837e-01,1.532108070556691959e-01,1.691747361297152308e-01,2.046359486659427018e-01,3.108334573452746774e-01,7.189715941381316644e-02,2.120946167199463939e-01,1.183641690951458408e-01,1.000000000000000444e+00,6.721569310922914653e-02,1.734109332663328062e-01,1.725026211245848096e-01,2.493747058531265437e-01,1.968352265216376518e-01,1.057660985569892909e-01,8.941590777575962601e-02,2.030317692721567147e-01,7.771564971163286151e-02,1.490402789789613269e-01,2.665164401271635786e-01,1.503794879073796498e-01,2.175533156993368078e-01,2.199497947784391227e-01,7.992860101715834609e-02,8.340008869766626920e-02,1.470246631152785644e-01,1.332484211818104614e-01,2.641090380125223902e-01,2.043571736791958693e-01,1.666436200015839753e-01,2.079166674753885891e-01,1.725703727323654735e-01,2.684529126953043576e-01,2.314995873357560963e-01,1.420081891079442993e-01,2.468323872277498610e-01,2.775568110323542448e-01,1.397831728134957541e-01,1.402193656980875169e-01,3.418302309825110852e-01,2.226522103798316832e-01,2.053907608709635013e-01
2.584182825904033504e-02,2.141094532857391042e-01,5.336068724705615718e-02,3.023839416246697914e-02,3.660933964214272418e-01,3.014750191208753760e-02,1.876614240785027810e-01,1.004437986536961536e-01,2.690503191009190748e-02,4.022931524336985365e-02,1.189025317697494089e-01,6.898186612766662659e-03,2.637920574001608939e-02,1.074758617634744146e-01,1.695449404788301195e-01,5.283748075524149351e-02,4.877342360775054758e-02,2.688662636555100294e-01,1.734804854735387258e-01,1.727047396709101568e-01,3.559721754899318191e-01,1.069302108093262704e-01,5.221580254360967954e-01,6.721569310922914653e-02,1.000000000000000444e+00,3.611332486239285933e-01,8.617006188057779736e-02,-3.860570399061499097e-02,-1.188265521612209830e-02,2.734957995372667705e-01,4.507907699970188364e-01,-3.242265787723533355e-03,3.664611337118537371e-01,6.536006670950866848e-02,4.021689681610791933e-02,4.110852777239924483e-01,4.909313357997766025e-02,8.458508328016521582e-02,3.154151374192186719e-01,4.715897558201884165e-02,4.216419469215051397e-01,4.761358642494897819e-01,-2.566451814193706701e-02,7.323922518388428782e-02,-8.847097083256272310e-02,-7.831089812802706496e-03,1.235957129495732741e-02,8.777558245835272166e-02,2.250471717574802077e-02,-1.294768586578733810e-02,-1.720130807113522120e-03,-6.114186373410256808e-02,2.660738668593766176e-01,2.778182954485893252e-01,7.384682830209511606e-02,8.042244998145553492e-02,1.813770041995051846e-02
1.033935119089793297e-02,2.768141850097767254e-01,2.150486294549727173e-01,1.390024295222753170e-01,5.293132154817516977e-01,9.557702457983748012e-02,3.400067775775467704e-01,1.115182338379869520e-01,2.015982296339528523e-01,2.739826786275831316e-02,3.700887805385322804e-01,1.374432807654952238e-01,1.633276266852030090e-01,1.737501369633306647e-01,3.471561651856419628e-01,1.044172536134706508e-01,1.908633559358908216e-01,2.547786860723431634e-01,2.300718431144468945e-01,2.344696200459592261e-01,2.485295178687969009e-01,1.478307942525675100e-01,4.527581478973986551e-01,1.734109332663328062e-01,3.611332486239285933e-01,1.000000000000000000e+00,2.758749416801009602e-01,1.152281178701018566e-01,1.056493930961382999e-01,2.841229291334713136e-01,3.616955928588840852e-01,1.525074630124168273e-01,2.780071084167297091e-01,1.686775652730649888e-01,1.811724753795255216e-01,3.444235206910991609e-01,1.214086832731359200e-01,7.951929433794775737e-02,2.557002749992089985e-01,3.212733968635233389e-02,4.288540131377452380e-01,3.461550668984282320e-01,2.087379262880555419e-01,1.748063268738880016e-01,1.343902264761535070e-01,1.162006924224217863e-01,1.127187316366800307e-01,1.780967935656075640e-01,8.401596287978854716e-02,9.427024556019097945e-02,1.355401297429391083e-01,8.209861843460991571e-02,2.557558880724420947e-01,2.923790310630502987e-01,2.010434633656965620e-01,1.859347551197446102e-01,1.731664668397024376e-01
8.736786027073725758e-02,2.425322085826076557e-01,1.109766788839423868e-01,2.760140416165692279e-01,2.026436996531209567e-01,2.344236425918780897e-01,2.404648237830517843e-01,2.237828785101005913e-01,2.046048649629444438e-01,1.112865642003478817e-01,2.343299448439430388e-01,2.136040395888152144e-01,2.454650683899690100e-01,9.592988575855568301e-02,2.693405299607807835e-01,2.969579840257527414e-01,1.463244955565660421e-01,1.745136940627866062e-01,1.656996518543221442e-01,1.786531672066101195e-01,7.127185542698173670e-02,1.926192659677258834e-01,6.832507354328298810e-02,1.725026211245848096e-01,8.617006188057779736e-02,2.758749416801009602e-01,1.000000000000000444e+00,7.838043648058964918e-02,1.979395229840153203e-01,1.583566675497814491e-01,9.649333851174661525e-02,2.424256609396929218e-01,1.224651048504246803e-01,3.118027332042954125e-01,2.436028523044118654e-01,1.395023604411208262e-01,2.070448590632362473e-01,2.427805756943403614e-01,1.915460834261974166e-01,1.746445993523820239e-01,2.193490537783242822e-01,1.395649958786329692e-01,2.335949044912343786e-01,3.185260490586673265e-01,4.340359713758402682e-01,2.601412828578956171e-01,4.257162327667724511e-01,3.348050253936079579e-01,3.084784064949378513e-01,8.437168943954534428e-02,1.689080423593341262e-01,2.576961622932326668e-01,1.703362172909884120e-01,1.867928051461902883e-01,1.817548590992649205e-01,1.574031121169251757e-01,1.559444523465803867e-01
2.630972669559559773e-01,1.745886953054161805e-01,1.355117416470036362e-01,1.188794149331340033e-01,4.419980230991674836e-02,1.098200438002636947e-01,3.036406979154438260e-03,9.377833066458701738e-02,2.059180234452921421e-01,1.000984987828208161e-01,1.474212162595603948e-01,1.903783746322802728e-01,1.986803805113416810e-01,2.240856956355497809e-01,-3.528157216072316804e-05,7.190819487447749903e-02,1.679601097420208022e-01,6.017057594485701599e-02,1.242833984801721414e-01,1.921815195557723677e-01,-1.529073543133895041e-02,2.260556607978543853e-01,-3.939231281839850052e-02,2.493747058531265437e-01,-3.860570399061499097e-02,1.152281178701018566e-01,7.838043648058964918e-02,1.000000000000000000e+00,3.251416971145883184e-02,3.982324224111540023e-02,-3.007347141763281814e-02,1.639504185315994733e-01,-2.646704300118864900e-02,1.865395103139664834e-01,2.568767166358784659e-01,4.841368243667855398e-02,9.707565168888523943e-02,4.941569824363452323e-02,-7.303585629446948668e-02,-9.419547455779425649e-02,4.973864505066822456e-02,-1.992192223281903651e-02,1.625812000149532699e-01,5.543554610882427819e-02,2.157447789638397562e-01,7.359009221537604617e-02,1.365058846786723346e-01,1.796813693083718633e-01,1.270457125117144814e-01,1.821541952934785102e-01,1.091253615026571838e-01,1.539189613444902349e-01,8.030118093099214427e-02,8.710430844270483641e-02,3.349233686293006107e-01,4.651864235411365400e-01,2.339325364031771270e-01
